
LF-10: 13, 13, 13, 13, 13, 13, 13 Final: 13
LF-20: 21, 13, 13, 13, 13, 13, 13 Final: 13
LF-30: 8, 13, 13, 8, 13, 13, 13   Final: 13
LF-40: 13, 13, 13, 13, 13, 13, 13 Final: 13
LF-50: 13, 21, 13, 13, 21, 21, 21 Final: 21
LF-60: 13, 8, 8, 8, 13, 13, 8     Final: 8
LF-70: 13, 21, 13, 13, 21, 21, 21 Final: 21
LF-80: 21, 21, 21, 21, 21, 21, 21 Final: 21
LF-90: 13, 21, 13, 13, 21, 21, 13 Final: 13
LF-100: 8, 8, 8, 8, 13, 8, 8	  Final: 8
LF-110: 5, 8, 8, 8, 8, 8, 8       Final: 8
LF-120: 13, 21, 21, 8, 21, 21	  Final: 13
LF-130: 5, 3, 3, 5, 5, 5, 5	  Final: 5
LF-140: 8, 8, 8, 5, 8, 8, 8	  Final: 8
LF-150: 13, 13, 13, 13, 13, 13, 13 Final: 13